19
10 0 0 0 0 0 0 0 0 0 0 0 0 0 0 0 0 0 0
5 10 0 0 0 0 0 0 0 0 0 0 0 0 0 0 0 0 0
5 0 30 0 0 0 0 0 0 0 0 0 0 0 0 0 0 0 0
0 0 -5 40 0 0 0 0 0 0 0 0 0 0 0 0 0 0 0
0 0 0 0 10 0 0 0 0 0 0 0 0 0 0 0 0 0 0
0 0 0 0 5 10 0 0 0 0 0 0 0 0 0 0 0 0 0
0 0 0 0 5 0 30 0 0 0 0 0 0 0 0 0 0 0 0
0 0 0 0 0 0 -5 40 0 0 0 0 0 0 0 0 0 0 0
0 0 0 0 0 0 0 0 10 0 0 0 0 0 0 0 0 0 0
0 0 0 0 0 0 0 0 5 10 0 0 0 0 0 0 0 0 0
0 0 0 0 0 0 0 0 5 0 30 0 0 0 0 0 0 0 0
0 0 0 0 0 0 0 0 0 0 -5 40 0 0 0 0 0 0 0
0 0 0 0 0 0 0 0 0 0 0 0 10 0 0 0 0 0 0
0 0 0 0 0 0 0 0 0 0 0 0 5 10 0 0 0 0 0
0 0 0 0 0 0 0 0 0 0 0 0 5 0 30 0 0 0 0
0 0 0 0 0 0 0 0 0 0 0 0 0 0 -5 40 0 0 0
0 0 0 0 0 0 0 0 0 0 0 0 0 0 0 0 10 0 0
0 0 0 0 0 0 0 0 0 0 0 0 0 0 0 0 0 10 0
0 0 0 0 0 0 0 0 0 0 0 0 0 0 0 0 0 0 10
20 -10 40 35 20 -10 40 35 20 -10 40 35 20 -10 40 35 20 50 50
0.0000012